Eigenvalues:
EigenValue 1: 558.20
EigenValue 2: 241.72

Eigenvectors:
Vector 1: {-0.34,-0.03,0.47,-0.40,-0.06,0.14,-0.31,0.62}
Vector 2: {-0.36,-0.70,-0.37,0.11,-0.43,0.18,-0.12,-0.03}

Matriz reconstruida:
 63.99  73.61  90.27  65.99  68.06  53.07  54.65  56.37 
 73.61 190.74  78.18 138.92  13.53   7.07  19.71  34.35 
 90.27  78.18 133.58  77.84 111.71  87.95  87.55  86.92 
 65.99 138.92  77.84 105.48  31.71  22.66  30.72  40.01 
 68.06  13.53 111.71  31.71 111.96  89.43  84.49  78.59 
 53.07   7.07  87.95  22.66  89.43  71.51  67.30  62.29 
 54.65  19.71  87.55  30.72  84.49  67.30  64.24  60.56 
 56.37  34.35  86.92  40.01  78.59  62.29  60.56  58.44 

Erro Absoluto Médio entre a matriz original e a reconstruída: 22.81330508674784
Matrix reconstruída guardada em Output/reconstructed_matrix.csv
